JOINT: Root Root mPelvis 5.90332e-009 1.135 0 1.0 matrix  5.36442e-007 1 0 0 -1 5.36442e-007 0 0 0 0 1 0 5.90332e-009 1.135 0 1 
CHAIN: LeftLeg Root 3 
JOINT: LeftHip LeftHip mHipLeft 0.128946 1.0815 -6.06403e-005 1.0 matrix  0.996938 -0.0678775 0.038809 0 0.0600939 0.982719 0.175077 0 -0.0500221 -0.172209 0.98379 0 0.128946 1.0815 -6.06403e-005 1 
JOINT: LeftKnee LeftKnee mKneeLeft 0.102461 0.648361 -0.0772218 1.0 matrix  0.997204 -0.0590468 -0.0457949 0 0.0686045 0.966352 0.247904 0 0.0296161 -0.250353 0.967701 0 0.102461 0.648361 -0.0772218 1 
JOINT: LeftAnkle LeftAnkle mAnkleLeft 0.0679195 0.174396 -0.21833 1.0 matrix  0.996794 -0.0561772 -0.0569762 0 0.0523944 -0.0799099 0.995424 0 -0.0604731 -0.995217 -0.0767103 0 0.0679195 0.174396 -0.21833 1 
CHAIN: RightLeg Root 3 
JOINT: RightHip RightHip mHipRight -0.139142 1.08 -5.28991e-007 1.0 matrix  0.982345 -0.0944345 0.161491 0 0.156522 0.887686 -0.43303 0 -0.10246 0.450662 0.886795 0 -0.139142 1.08 -5.28991e-007 1 
JOINT: RightKnee RightKnee mKneeRight -0.208123 0.688723 0.190792 1.0 matrix  0.984264 -0.175494 0.020634 0 0.175095 0.952924 -0.247541 0 0.0237793 0.247259 0.968657 0 -0.208123 0.688723 0.190792 1 
JOINT: RightAnkle RightAnkle mAnkleRight -0.294744 0.212031 0.295717 1.0 matrix  0.983405 -0.181406 0.00254364 0 0.0673475 0.37804 0.923336 0 -0.16846 -0.907842 0.383983 0 -0.294744 0.212031 0.295717 1 
CHAIN: Torso Root 3 
JOINT: Spine1 Spine1 mTorso 9.31765e-008 1.2346 -6.05892e-005 1.0 matrix  5.36442e-007 1 0 0 -1 5.36442e-007 0 0 0 0 1 0 9.31765e-008 1.2346 -6.05892e-005 1 
JOINT: Spine3 Spine3 mChest -5.35627e-007 1.5 0 1.0 matrix  1 5.47149e-008 0 0 -5.47149e-008 1 0 0 0 0 1 0 -5.35627e-007 1.5 0 1 
JOINT: Head Head mHead -6.72346e-007 1.69468 -0.0109919 1.0 matrix  0.00195004 0.999994 -0.0028499 0 -0.999805 0.00189363 -0.0196631 0 -0.0196576 0.00288769 0.999802 0 -6.72346e-007 1.69468 -0.0109919 1 
CHAIN: LeftArm Spine3 3 
JOINT: LeftShoulder LeftShoulder mShoulderLeft 0.195236 1.63493 -0.0349813 1.0 matrix  0.537001 -0.799099 0.270315 0 0.83849 0.470461 -0.274954 0 0.0925429 0.374308 0.922675 0 0.195236 1.63493 -0.0349813 1 
JOINT: LeftElbow LeftElbow mElbowLeft 0.286885 1.42426 0.0798222 1.0 matrix  0.417626 -0.51314 0.749849 0 0.908561 0.245027 -0.338343 0 -0.0101157 0.822585 0.56855 0 0.286885 1.42426 0.0798222 1 
JOINT: LeftWrist LeftWrist mWristLeft 0.398921 1.26854 0.285247 1.0 matrix  0.410535 -0.63063 0.658608 0 0.910046 0.23804 -0.339337 0 0.0572221 0.738674 0.671628 0 0.398921 1.26854 0.285247 1 
CHAIN: RightArm Spine3 3 
JOINT: RightShoulder RightShoulder mShoulderRight -0.19496 1.63426 -0.0350012 1.0 matrix  0.477436 0.73657 -0.479081 0 -0.849707 0.525862 -0.0382956 0 0.223723 0.425363 0.876935 0 -0.19496 1.63426 -0.0350012 1 
JOINT: RightElbow RightElbow mElbowRight -0.255211 1.43012 0.109941 1.0 matrix  0.165765 0.62756 -0.760716 0 -0.959832 0.279737 0.0216179 0 0.226367 0.726577 0.648724 0 -0.255211 1.43012 0.109941 1 
JOINT: RightWrist RightWrist mWristRight -0.298722 1.24793 0.320079 1.0 matrix  0.19735 0.696789 -0.68959 0 -0.958747 0.283978 0.012564 0 0.204582 0.658664 0.72409 0 -0.298722 1.24793 0.320079 1 
